96660688216426448060
87409839403389985067
34462801081877965259
40420527587953571781
71248105584288404701
77020523406148741809
86187591412485602857
11072813834805671707
84189082051373013463
71196069969832822963
47831166530461443243
15347180255745276941
44807441606959332255
70437814757195361098
05766319566482950018
59166558748725580697
45347328338121798275
95312815712386881084
56587596781856195344
67765746922508503462
49196283737526274855
37037532117510672502
09727911887179657090
18648411933942322452
24524393383771176585
03778012766131394220
35927293900059932071
83214801223702176326
32804766937771131364
69363552878316555136
70364695081895630150
05333090446151718860
68863615785950282386
84755665525323179228
29971254550598076621
10755837357577581228
83493481335632182475
25392873221077224039
58580893560733653506
74861285524001130065
88422297705766378455
61683915192988320319
57613203671499248619
55053473794483735763
57966126935506032089
12595222107806680859
32630982981018182514
58277969938355866985
72782075509203094884
17984960877616438383
59583779563854794312
20038776079876624311
17061777200500007760
57044660171361180955
97220229091761329941
88651752629801023235
35428748811799406145
33554570917382569140
27736345482747582201
58652123583982345791
71918422846622146581
61046301223034340780
24649015718340904048
29073435325584296363
64905031079460496769
11527913489028298501
22782190979296487621
61101401102440461682
38546934777381617628
87437910705200761221
92693200828993284511
56358241682501633634
14329713246821324930
88809444198453640973
55377891853831848401
69512365358833801731
26970038449054297042
74307101032524224808
41195584557492793903
54878314113726691656
12236929945403396439
58894405353608167388
93406715166875911994
54372432012947134488
16681613729292137559
80857283681748786113
32827966635535207264
07367343479727296855
30275493659634427963
87104592547869525771
28972402585558613738
43704440311691547764
73942757518147301807
94317074038769207704
08545878675830103863
36016423427424172871
73915018081344408852
24948031812563615005
83829458302571251561
68743568583533038511
